4 0.058519 0.058534 0.012580 0.006215
4 0.059133 0.451920 0.013809 0.006311
4 0.058839 0.257369 0.013220 0.006217
4 0.058827 0.647571 0.012999 0.006311
4 0.058700 0.847622 0.012745 0.006311
5 0.001567 0.000000 0.003135 0.002326
5 0.001567 0.000000 0.003135 0.002326
5 0.001567 0.000000 0.003135 0.002326
5 0.001567 0.000000 0.003135 0.002326
5 0.001567 0.000000 0.003135 0.002326
5 0.001567 0.000000 0.003135 0.002326
5 0.001567 0.000000 0.003135 0.002326
5 0.001567 0.000000 0.003135 0.002326
5 0.001567 0.000000 0.003135 0.002326
5 0.001567 0.000000 0.003135 0.002326
5 0.001567 0.000000 0.003135 0.002326
5 0.001567 0.000000 0.003135 0.002326
5 0.001567 0.000000 0.003135 0.002326
5 0.001567 0.000000 0.003135 0.002326
5 0.001567 0.000000 0.003135 0.002326
5 0.001567 0.000000 0.003135 0.002326
0 0.004895 0.000010 0.009789 0.005817
0 0.004895 0.000010 0.009789 0.005817
0 0.004895 0.000010 0.009789 0.005817
0 0.004895 0.000010 0.009789 0.005817
0 0.004895 0.000010 0.009789 0.005817
0 0.004895 0.000010 0.009789 0.005817
0 0.004895 0.000010 0.009789 0.005817
0 0.004895 0.000010 0.009789 0.005817
0 0.004895 0.000010 0.009789 0.005817
0 0.004895 0.000010 0.009789 0.005817
0 0.004895 0.000010 0.009789 0.005817
0 0.004895 0.000010 0.009789 0.005817
0 0.004895 0.000010 0.009789 0.005817
0 0.004895 0.000010 0.009789 0.005817
0 0.004895 0.000010 0.009789 0.005817
0 0.004895 0.000010 0.009789 0.005817
0 0.004895 0.000010 0.009789 0.005817
0 0.004895 0.000010 0.009789 0.005817
0 0.004895 0.000010 0.009789 0.005817
0 0.004895 0.000010 0.009789 0.005817
0 0.004895 0.000010 0.009789 0.005817
0 0.004895 0.000010 0.009789 0.005817
0 0.004895 0.000010 0.009789 0.005817
0 0.004895 0.000010 0.009789 0.005817
0 0.004895 0.000010 0.009789 0.005817
0 0.004895 0.000010 0.009789 0.005817
0 0.004895 0.000010 0.009789 0.005817
0 0.004895 0.000010 0.009789 0.005817
0 0.004895 0.000010 0.009789 0.005817
0 0.004895 0.000010 0.009789 0.005817
0 0.004895 0.000010 0.009789 0.005817
0 0.004895 0.000010 0.009789 0.005817
0 0.004895 0.000010 0.009789 0.005817
0 0.004895 0.000010 0.009789 0.005817
0 0.004895 0.000010 0.009789 0.005817
0 0.004895 0.000010 0.009789 0.005817
0 0.004895 0.000010 0.009789 0.005817
0 0.004895 0.000010 0.009789 0.005817
0 0.004895 0.000010 0.009789 0.005817
0 0.004895 0.000010 0.009789 0.005817
0 0.004895 0.000010 0.009789 0.005817
0 0.004895 0.000010 0.009789 0.005817
0 0.004895 0.000010 0.009789 0.005817
0 0.004895 0.000010 0.009789 0.005817
0 0.004895 0.000010 0.009789 0.005817
0 0.004895 0.000010 0.009789 0.005817
0 0.004895 0.000010 0.009789 0.005817
0 0.004895 0.000010 0.009789 0.005817
0 0.004895 0.000010 0.009789 0.005817
0 0.004895 0.000010 0.009789 0.005817
0 0.004895 0.000010 0.009789 0.005817
0 0.004895 0.000010 0.009789 0.005817
0 0.004895 0.000010 0.009789 0.005817
0 0.004895 0.000010 0.009789 0.005817
0 0.004895 0.000010 0.009789 0.005817
0 0.004895 0.000010 0.009789 0.005817
0 0.004895 0.000010 0.009789 0.005817
0 0.004895 0.000010 0.009789 0.005817
0 0.004895 0.000010 0.009789 0.005817
0 0.004895 0.000010 0.009789 0.005817
0 0.004895 0.000010 0.009789 0.005817
0 0.004895 0.000010 0.009789 0.005817
0 0.004895 0.000010 0.009789 0.005817
0 0.004895 0.000010 0.009789 0.005817
0 0.004895 0.000010 0.009789 0.005817
0 0.004895 0.000010 0.009789 0.005817
0 0.004895 0.000010 0.009789 0.005817
0 0.004895 0.000010 0.009789 0.005817
0 0.004895 0.000010 0.009789 0.005817
0 0.004895 0.000010 0.009789 0.005817
0 0.004895 0.000010 0.009789 0.005817
0 0.004895 0.000010 0.009789 0.005817
0 0.004895 0.000010 0.009789 0.005817
0 0.004895 0.000010 0.009789 0.005817
0 0.004895 0.000010 0.009789 0.005817
0 0.004895 0.000010 0.009789 0.005817
0 0.004895 0.000010 0.009789 0.005817
0 0.004895 0.000010 0.009789 0.005817
0 0.004895 0.000010 0.009789 0.005817
0 0.004895 0.000010 0.009789 0.005817
0 0.004895 0.000010 0.009789 0.005817
0 0.004895 0.000010 0.009789 0.005817
0 0.004895 0.000010 0.009789 0.005817
0 0.004895 0.000010 0.009789 0.005817
0 0.004895 0.000010 0.009789 0.005817
0 0.004895 0.000010 0.009789 0.005817
0 0.004895 0.000010 0.009789 0.005817
0 0.004895 0.000010 0.009789 0.005817
0 0.004895 0.000010 0.009789 0.005817
0 0.004895 0.000010 0.009789 0.005817
0 0.004895 0.000010 0.009789 0.005817
0 0.004895 0.000010 0.009789 0.005817
0 0.004895 0.000010 0.009789 0.005817
0 0.004895 0.000010 0.009789 0.005817
0 0.004895 0.000010 0.009789 0.005817
0 0.004895 0.000010 0.009789 0.005817
0 0.004895 0.000010 0.009789 0.005817
0 0.004895 0.000010 0.009789 0.005817
0 0.004895 0.000010 0.009789 0.005817
0 0.004895 0.000010 0.009789 0.005817
0 0.004895 0.000010 0.009789 0.005817
0 0.004895 0.000010 0.009789 0.005817
0 0.004895 0.000010 0.009789 0.005817
0 0.004895 0.000010 0.009789 0.005817
0 0.004895 0.000010 0.009789 0.005817
0 0.004895 0.000010 0.009789 0.005817
0 0.004895 0.000010 0.009789 0.005817
0 0.004895 0.000010 0.009789 0.005817
0 0.004895 0.000010 0.009789 0.005817
0 0.004895 0.000010 0.009789 0.005817
0 0.004895 0.000010 0.009789 0.005817
0 0.004895 0.000010 0.009789 0.005817
0 0.004895 0.000010 0.009789 0.005817
0 0.004895 0.000010 0.009789 0.005817
0 0.004895 0.000010 0.009789 0.005817
0 0.004895 0.000010 0.009789 0.005817
0 0.004895 0.000010 0.009789 0.005817
0 0.004895 0.000010 0.009789 0.005817
0 0.004895 0.000010 0.009789 0.005817
0 0.004895 0.000010 0.009789 0.005817
0 0.004895 0.000010 0.009789 0.005817
0 0.004895 0.000010 0.009789 0.005817
0 0.004895 0.000010 0.009789 0.005817
0 0.004895 0.000010 0.009789 0.005817
0 0.004895 0.000010 0.009789 0.005817
0 0.004895 0.000010 0.009789 0.005817
0 0.004895 0.000010 0.009789 0.005817
0 0.004895 0.000010 0.009789 0.005817
0 0.004895 0.000010 0.009789 0.005817
0 0.004895 0.000010 0.009789 0.005817
0 0.004895 0.000010 0.009789 0.005817
0 0.004895 0.000010 0.009789 0.005817
0 0.004895 0.000010 0.009789 0.005817
0 0.004895 0.000010 0.009789 0.005817
0 0.004895 0.000010 0.009789 0.005817
0 0.004895 0.000010 0.009789 0.005817
0 0.004895 0.000010 0.009789 0.005817
0 0.004895 0.000010 0.009789 0.005817
0 0.004895 0.000010 0.009789 0.005817
0 0.004895 0.000010 0.009789 0.005817
0 0.004895 0.000010 0.009789 0.005817
0 0.004895 0.000010 0.009789 0.005817
0 0.004895 0.000010 0.009789 0.005817
0 0.004895 0.000010 0.009789 0.005817
0 0.004895 0.000010 0.009789 0.005817
0 0.004895 0.000010 0.009789 0.005817
0 0.004895 0.000010 0.009789 0.005817
0 0.004895 0.000010 0.009789 0.005817
0 0.004895 0.000010 0.009789 0.005817
0 0.004895 0.000010 0.009789 0.005817
0 0.004895 0.000010 0.009789 0.005817
0 0.004895 0.000010 0.009789 0.005817
0 0.004895 0.000010 0.009789 0.005817
0 0.004895 0.000010 0.009789 0.005817
0 0.004895 0.000010 0.009789 0.005817
0 0.004895 0.000010 0.009789 0.005817
0 0.004895 0.000010 0.009789 0.005817
0 0.004895 0.000010 0.009789 0.005817
0 0.004895 0.000010 0.009789 0.005817
0 0.004895 0.000010 0.009789 0.005817
0 0.004895 0.000010 0.009789 0.005817
0 0.004895 0.000010 0.009789 0.005817
0 0.004895 0.000010 0.009789 0.005817
0 0.004895 0.000010 0.009789 0.005817
0 0.004895 0.000010 0.009789 0.005817
0 0.004895 0.000010 0.009789 0.005817
0 0.004895 0.000010 0.009789 0.005817
0 0.004895 0.000010 0.009789 0.005817
0 0.004895 0.000010 0.009789 0.005817
0 0.004895 0.000010 0.009789 0.005817
0 0.004895 0.000010 0.009789 0.005817
0 0.004895 0.000010 0.009789 0.005817
0 0.004895 0.000010 0.009789 0.005817
0 0.004895 0.000010 0.009789 0.005817
0 0.004895 0.000010 0.009789 0.005817
0 0.004895 0.000010 0.009789 0.005817
0 0.004895 0.000010 0.009789 0.005817
0 0.004895 0.000010 0.009789 0.005817
0 0.004895 0.000010 0.009789 0.005817
0 0.004895 0.000010 0.009789 0.005817
0 0.004895 0.000010 0.009789 0.005817
0 0.004895 0.000010 0.009789 0.005817
0 0.004895 0.000010 0.009789 0.005817
0 0.004895 0.000010 0.009789 0.005817
0 0.004895 0.000010 0.009789 0.005817
0 0.004895 0.000010 0.009789 0.005817
0 0.004895 0.000010 0.009789 0.005817
0 0.004895 0.000010 0.009789 0.005817
0 0.004895 0.000010 0.009789 0.005817
0 0.004895 0.000010 0.009789 0.005817
0 0.004895 0.000010 0.009789 0.005817
0 0.004895 0.000010 0.009789 0.005817
0 0.004895 0.000010 0.009789 0.005817
0 0.004895 0.000010 0.009789 0.005817
0 0.004895 0.000010 0.009789 0.005817
0 0.004895 0.000010 0.009789 0.005817
0 0.004895 0.000010 0.009789 0.005817
0 0.004895 0.000010 0.009789 0.005817
0 0.004895 0.000010 0.009789 0.005817
0 0.004895 0.000010 0.009789 0.005817
0 0.004895 0.000010 0.009789 0.005817
0 0.004895 0.000010 0.009789 0.005817
0 0.004895 0.000010 0.009789 0.005817
0 0.004895 0.000010 0.009789 0.005817
0 0.004895 0.000010 0.009789 0.005817
0 0.004895 0.000010 0.009789 0.005817
0 0.004895 0.000010 0.009789 0.005817
0 0.004895 0.000010 0.009789 0.005817
0 0.004895 0.000010 0.009789 0.005817
0 0.004895 0.000010 0.009789 0.005817
0 0.004895 0.000010 0.009789 0.005817
0 0.004895 0.000010 0.009789 0.005817
0 0.004895 0.000010 0.009789 0.005817
0 0.004895 0.000010 0.009789 0.005817
0 0.004895 0.000010 0.009789 0.005817
0 0.004895 0.000010 0.009789 0.005817
0 0.004895 0.000010 0.009789 0.005817
0 0.004895 0.000010 0.009789 0.005817
0 0.004895 0.000010 0.009789 0.005817
0 0.004895 0.000010 0.009789 0.005817
0 0.004895 0.000010 0.009789 0.005817
0 0.004895 0.000010 0.009789 0.005817
0 0.004895 0.000010 0.009789 0.005817
0 0.004895 0.000010 0.009789 0.005817
0 0.004895 0.000010 0.009789 0.005817
0 0.004895 0.000010 0.009789 0.005817
0 0.004895 0.000010 0.009789 0.005817
0 0.004895 0.000010 0.009789 0.005817
0 0.004895 0.000010 0.009789 0.005817
0 0.004895 0.000010 0.009789 0.005817
0 0.004895 0.000010 0.009789 0.005817
0 0.004895 0.000010 0.009789 0.005817
0 0.004895 0.000010 0.009789 0.005817
0 0.004895 0.000010 0.009789 0.005817
0 0.004895 0.000010 0.009789 0.005817
0 0.004895 0.000010 0.009789 0.005817
0 0.004895 0.000010 0.009789 0.005817
0 0.004895 0.000010 0.009789 0.005817
0 0.004895 0.000010 0.009789 0.005817
0 0.004895 0.000010 0.009789 0.005817
0 0.004895 0.000010 0.009789 0.005817
0 0.004895 0.000010 0.009789 0.005817
0 0.004895 0.000010 0.009789 0.005817
0 0.004895 0.000010 0.009789 0.005817
0 0.004895 0.000010 0.009789 0.005817
0 0.004895 0.000010 0.009789 0.005817
0 0.004895 0.000010 0.009789 0.005817
0 0.004895 0.000010 0.009789 0.005817
0 0.004895 0.000010 0.009789 0.005817
0 0.004895 0.000010 0.009789 0.005817
0 0.004895 0.000010 0.009789 0.005817
0 0.004895 0.000010 0.009789 0.005817
0 0.004895 0.000010 0.009789 0.005817
0 0.004895 0.000010 0.009789 0.005817
0 0.004895 0.000010 0.009789 0.005817
0 0.004895 0.000010 0.009789 0.005817
0 0.004895 0.000010 0.009789 0.005817
0 0.004895 0.000010 0.009789 0.005817
0 0.004895 0.000010 0.009789 0.005817
0 0.004895 0.000010 0.009789 0.005817
0 0.004895 0.000010 0.009789 0.005817
0 0.004895 0.000010 0.009789 0.005817
0 0.004895 0.000010 0.009789 0.005817
0 0.004895 0.000010 0.009789 0.005817
0 0.004895 0.000010 0.009789 0.005817
0 0.004895 0.000010 0.009789 0.005817
0 0.004895 0.000010 0.009789 0.005817
0 0.004895 0.000010 0.009789 0.005817
0 0.004895 0.000010 0.009789 0.005817
0 0.004895 0.000010 0.009789 0.005817
0 0.004895 0.000010 0.009789 0.005817
0 0.004895 0.000010 0.009789 0.005817
0 0.004895 0.000010 0.009789 0.005817
0 0.004895 0.000010 0.009789 0.005817
0 0.004895 0.000010 0.009789 0.005817
0 0.004895 0.000010 0.009789 0.005817
0 0.004895 0.000010 0.009789 0.005817
0 0.004895 0.000010 0.009789 0.005817
0 0.004895 0.000010 0.009789 0.005817
0 0.004895 0.000010 0.009789 0.005817
0 0.004895 0.000010 0.009789 0.005817
0 0.004895 0.000010 0.009789 0.005817
6 0.004895 0.001382 0.009789 0.002984