4 0.058947 0.058616 0.013239 0.006311
4 0.058792 0.652913 0.013070 0.006344
4 0.058676 0.458156 0.012839 0.006215
4 0.058778 0.253307 0.012900 0.006311
4 0.058561 0.847622 0.012929 0.006311
5 0.001567 0.000000 0.003135 0.002326
5 0.001567 0.000000 0.003135 0.002326
5 0.001567 0.000000 0.003135 0.002326
5 0.001567 0.000000 0.003135 0.002326
5 0.001567 0.000000 0.003135 0.002326
5 0.001567 0.000000 0.003135 0.002326
5 0.001567 0.000000 0.003135 0.002326
5 0.001567 0.000000 0.003135 0.002326
0 0.004895 0.000010 0.009789 0.005817
0 0.004895 0.000010 0.009789 0.005817
0 0.004895 0.000010 0.009789 0.005817
0 0.004895 0.000010 0.009789 0.005817
0 0.004895 0.000010 0.009789 0.005817
0 0.004895 0.000010 0.009789 0.005817
0 0.004895 0.000010 0.009789 0.005817
0 0.004895 0.000010 0.009789 0.005817
0 0.004895 0.000010 0.009789 0.005817
0 0.004895 0.000010 0.009789 0.005817
0 0.004895 0.000010 0.009789 0.005817
0 0.004895 0.000010 0.009789 0.005817
0 0.004895 0.000010 0.009789 0.005817
0 0.004895 0.000010 0.009789 0.005817
0 0.004895 0.000010 0.009789 0.005817
0 0.004895 0.000010 0.009789 0.005817
0 0.004895 0.000010 0.009789 0.005817
0 0.004895 0.000010 0.009789 0.005817
0 0.004895 0.000010 0.009789 0.005817
0 0.004895 0.000010 0.009789 0.005817
0 0.004895 0.000010 0.009789 0.005817
0 0.004895 0.000010 0.009789 0.005817
0 0.004895 0.000010 0.009789 0.005817
0 0.004895 0.000010 0.009789 0.005817
0 0.004895 0.000010 0.009789 0.005817
0 0.004895 0.000010 0.009789 0.005817
0 0.004895 0.000010 0.009789 0.005817
0 0.004895 0.000010 0.009789 0.005817
0 0.004895 0.000010 0.009789 0.005817
0 0.004895 0.000010 0.009789 0.005817
0 0.004895 0.000010 0.009789 0.005817
0 0.004895 0.000010 0.009789 0.005817
0 0.004895 0.000010 0.009789 0.005817
0 0.004895 0.000010 0.009789 0.005817
0 0.004895 0.000010 0.009789 0.005817
0 0.004895 0.000010 0.009789 0.005817
0 0.004895 0.000010 0.009789 0.005817
0 0.004895 0.000010 0.009789 0.005817
0 0.004895 0.000010 0.009789 0.005817
0 0.004895 0.000010 0.009789 0.005817
0 0.004895 0.000010 0.009789 0.005817
0 0.004895 0.000010 0.009789 0.005817
0 0.004895 0.000010 0.009789 0.005817
0 0.004895 0.000010 0.009789 0.005817
0 0.004895 0.000010 0.009789 0.005817
0 0.004895 0.000010 0.009789 0.005817
0 0.004895 0.000010 0.009789 0.005817
0 0.004895 0.000010 0.009789 0.005817
0 0.004895 0.000010 0.009789 0.005817
0 0.004895 0.000010 0.009789 0.005817
0 0.004895 0.000010 0.009789 0.005817
0 0.004895 0.000010 0.009789 0.005817
0 0.004895 0.000010 0.009789 0.005817
0 0.004895 0.000010 0.009789 0.005817
0 0.004895 0.000010 0.009789 0.005817
0 0.004895 0.000010 0.009789 0.005817
0 0.004895 0.000010 0.009789 0.005817
0 0.004895 0.000010 0.009789 0.005817
0 0.004895 0.000010 0.009789 0.005817
0 0.004895 0.000010 0.009789 0.005817
0 0.004895 0.000010 0.009789 0.005817
0 0.004895 0.000010 0.009789 0.005817
0 0.004895 0.000010 0.009789 0.005817
0 0.004895 0.000010 0.009789 0.005817
0 0.004895 0.000010 0.009789 0.005817
0 0.004895 0.000010 0.009789 0.005817
0 0.004895 0.000010 0.009789 0.005817
0 0.004895 0.000010 0.009789 0.005817
0 0.004895 0.000010 0.009789 0.005817
0 0.004895 0.000010 0.009789 0.005817
0 0.004895 0.000010 0.009789 0.005817
0 0.004895 0.000010 0.009789 0.005817
0 0.004895 0.000010 0.009789 0.005817
0 0.004895 0.000010 0.009789 0.005817
0 0.004895 0.000010 0.009789 0.005817
0 0.004895 0.000010 0.009789 0.005817
0 0.004895 0.000010 0.009789 0.005817
0 0.004895 0.000010 0.009789 0.005817
0 0.004895 0.000010 0.009789 0.005817
0 0.004895 0.000010 0.009789 0.005817
0 0.004895 0.000010 0.009789 0.005817
0 0.004895 0.000010 0.009789 0.005817
0 0.004895 0.000010 0.009789 0.005817
0 0.004895 0.000010 0.009789 0.005817
0 0.004895 0.000010 0.009789 0.005817
0 0.004895 0.000010 0.009789 0.005817
0 0.004895 0.000010 0.009789 0.005817
0 0.004895 0.000010 0.009789 0.005817
0 0.004895 0.000010 0.009789 0.005817
0 0.004895 0.000010 0.009789 0.005817
0 0.004895 0.000010 0.009789 0.005817
0 0.004895 0.000010 0.009789 0.005817
0 0.004895 0.000010 0.009789 0.005817
0 0.004895 0.000010 0.009789 0.005817
0 0.004895 0.000010 0.009789 0.005817
0 0.004895 0.000010 0.009789 0.005817
0 0.004895 0.000010 0.009789 0.005817
0 0.004895 0.000010 0.009789 0.005817
0 0.004895 0.000010 0.009789 0.005817
0 0.004895 0.000010 0.009789 0.005817
0 0.004895 0.000010 0.009789 0.005817
0 0.004895 0.000010 0.009789 0.005817
0 0.004895 0.000010 0.009789 0.005817
0 0.004895 0.000010 0.009789 0.005817
0 0.004895 0.000010 0.009789 0.005817
0 0.004895 0.000010 0.009789 0.005817
0 0.004895 0.000010 0.009789 0.005817
0 0.004895 0.000010 0.009789 0.005817
0 0.004895 0.000010 0.009789 0.005817
0 0.004895 0.000010 0.009789 0.005817
0 0.004895 0.000010 0.009789 0.005817
0 0.004895 0.000010 0.009789 0.005817
0 0.004895 0.000010 0.009789 0.005817
0 0.004895 0.000010 0.009789 0.005817
0 0.004895 0.000010 0.009789 0.005817
0 0.004895 0.000010 0.009789 0.005817
0 0.004895 0.000010 0.009789 0.005817
0 0.004895 0.000010 0.009789 0.005817
0 0.004895 0.000010 0.009789 0.005817
0 0.004895 0.000010 0.009789 0.005817
0 0.004895 0.000010 0.009789 0.005817
0 0.004895 0.000010 0.009789 0.005817
0 0.004895 0.000010 0.009789 0.005817
0 0.004895 0.000010 0.009789 0.005817
0 0.004895 0.000010 0.009789 0.005817
0 0.004895 0.000010 0.009789 0.005817
0 0.004895 0.000010 0.009789 0.005817
0 0.004895 0.000010 0.009789 0.005817
0 0.004895 0.000010 0.009789 0.005817
0 0.004895 0.000010 0.009789 0.005817
0 0.004895 0.000010 0.009789 0.005817
0 0.004895 0.000010 0.009789 0.005817
0 0.004895 0.000010 0.009789 0.005817
0 0.004895 0.000010 0.009789 0.005817
0 0.004895 0.000010 0.009789 0.005817
0 0.004895 0.000010 0.009789 0.005817
0 0.004895 0.000010 0.009789 0.005817
0 0.004895 0.000010 0.009789 0.005817
0 0.004895 0.000010 0.009789 0.005817
0 0.004895 0.000010 0.009789 0.005817
0 0.004895 0.000010 0.009789 0.005817
0 0.004895 0.000010 0.009789 0.005817
0 0.004895 0.000010 0.009789 0.005817
0 0.004895 0.000010 0.009789 0.005817
0 0.004895 0.000010 0.009789 0.005817
0 0.004895 0.000010 0.009789 0.005817
0 0.004895 0.000010 0.009789 0.005817
0 0.004895 0.000010 0.009789 0.005817
0 0.004895 0.000010 0.009789 0.005817
0 0.004895 0.000010 0.009789 0.005817
0 0.004895 0.000010 0.009789 0.005817
0 0.004895 0.000010 0.009789 0.005817
0 0.004895 0.000010 0.009789 0.005817
0 0.004895 0.000010 0.009789 0.005817
0 0.004895 0.000010 0.009789 0.005817
0 0.004895 0.000010 0.009789 0.005817
0 0.004895 0.000010 0.009789 0.005817
0 0.004895 0.000010 0.009789 0.005817
0 0.004895 0.000010 0.009789 0.005817
0 0.004895 0.000010 0.009789 0.005817
0 0.004895 0.000010 0.009789 0.005817
0 0.004895 0.000010 0.009789 0.005817
0 0.004895 0.000010 0.009789 0.005817
0 0.004895 0.000010 0.009789 0.005817
0 0.004895 0.000010 0.009789 0.005817
0 0.004895 0.000010 0.009789 0.005817
0 0.004895 0.000010 0.009789 0.005817
0 0.004895 0.000010 0.009789 0.005817
0 0.004895 0.000010 0.009789 0.005817
0 0.004895 0.000010 0.009789 0.005817
0 0.004895 0.000010 0.009789 0.005817
0 0.004895 0.000010 0.009789 0.005817
0 0.004895 0.000010 0.009789 0.005817
0 0.004895 0.000010 0.009789 0.005817
0 0.004895 0.000010 0.009789 0.005817
0 0.004895 0.000010 0.009789 0.005817
0 0.004895 0.000010 0.009789 0.005817
0 0.004895 0.000010 0.009789 0.005817
0 0.004895 0.000010 0.009789 0.005817
0 0.004895 0.000010 0.009789 0.005817
0 0.004895 0.000010 0.009789 0.005817
0 0.004895 0.000010 0.009789 0.005817
0 0.004895 0.000010 0.009789 0.005817
0 0.004895 0.000010 0.009789 0.005817
0 0.004895 0.000010 0.009789 0.005817
0 0.004895 0.000010 0.009789 0.005817
0 0.004895 0.000010 0.009789 0.005817
0 0.004895 0.000010 0.009789 0.005817
0 0.004895 0.000010 0.009789 0.005817
0 0.004895 0.000010 0.009789 0.005817
0 0.004895 0.000010 0.009789 0.005817
0 0.004895 0.000010 0.009789 0.005817
0 0.004895 0.000010 0.009789 0.005817
0 0.004895 0.000010 0.009789 0.005817
0 0.004895 0.000010 0.009789 0.005817
0 0.004895 0.000010 0.009789 0.005817
0 0.004895 0.000010 0.009789 0.005817
0 0.004895 0.000010 0.009789 0.005817
0 0.004895 0.000010 0.009789 0.005817
0 0.004895 0.000010 0.009789 0.005817
0 0.004895 0.000010 0.009789 0.005817
0 0.004895 0.000010 0.009789 0.005817
0 0.004895 0.000010 0.009789 0.005817
0 0.004895 0.000010 0.009789 0.005817
0 0.004895 0.000010 0.009789 0.005817
0 0.004895 0.000010 0.009789 0.005817
0 0.004895 0.000010 0.009789 0.005817
0 0.004895 0.000010 0.009789 0.005817
0 0.004895 0.000010 0.009789 0.005817
0 0.004895 0.000010 0.009789 0.005817
0 0.004895 0.000010 0.009789 0.005817
0 0.004895 0.000010 0.009789 0.005817
0 0.004895 0.000010 0.009789 0.005817
0 0.004895 0.000010 0.009789 0.005817
0 0.004895 0.000010 0.009789 0.005817
0 0.004895 0.000010 0.009789 0.005817
0 0.004895 0.000010 0.009789 0.005817
0 0.004895 0.000010 0.009789 0.005817
0 0.004895 0.000010 0.009789 0.005817
0 0.004895 0.000010 0.009789 0.005817
0 0.004895 0.000010 0.009789 0.005817
0 0.004895 0.000010 0.009789 0.005817
0 0.004895 0.000010 0.009789 0.005817
0 0.004895 0.000010 0.009789 0.005817
0 0.004895 0.000010 0.009789 0.005817
0 0.004895 0.000010 0.009789 0.005817
0 0.004895 0.000010 0.009789 0.005817
0 0.004895 0.000010 0.009789 0.005817
0 0.004895 0.000010 0.009789 0.005817
0 0.004895 0.000010 0.009789 0.005817
0 0.004895 0.000010 0.009789 0.005817
0 0.004895 0.000010 0.009789 0.005817
0 0.004895 0.000010 0.009789 0.005817
0 0.004895 0.000010 0.009789 0.005817
0 0.004895 0.000010 0.009789 0.005817
0 0.004895 0.000010 0.009789 0.005817
0 0.004895 0.000010 0.009789 0.005817
0 0.004895 0.000010 0.009789 0.005817
0 0.004895 0.000010 0.009789 0.005817
0 0.004895 0.000010 0.009789 0.005817
0 0.004895 0.000010 0.009789 0.005817
0 0.004895 0.000010 0.009789 0.005817
0 0.004895 0.000010 0.009789 0.005817
6 0.005196 0.003325 0.010335 0.015610