4 0.055325 0.302644 0.006457 0.006311
4 0.055217 0.483926 0.006166 0.006311
4 0.058410 0.666325 0.012119 0.006346
4 0.058742 0.847605 0.012783 0.006344
5 0.001567 0.000000 0.003135 0.002326
5 0.001567 0.000000 0.003135 0.002326
5 0.001567 0.000000 0.003135 0.002326
5 0.001567 0.000000 0.003135 0.002326
5 0.001567 0.000000 0.003135 0.002326
5 0.001567 0.000000 0.003135 0.002326
5 0.001567 0.000000 0.003135 0.002326
5 0.001567 0.000000 0.003135 0.002326
5 0.001567 0.000000 0.003135 0.002326
5 0.001567 0.000000 0.003135 0.002326
5 0.001567 0.000000 0.003135 0.002326
5 0.001567 0.000000 0.003135 0.002326
5 0.001567 0.000000 0.003135 0.002326
5 0.001567 0.000000 0.003135 0.002326
5 0.001567 0.000000 0.003135 0.002326
5 0.001567 0.000000 0.003135 0.002326
5 0.001567 0.000000 0.003135 0.002326
5 0.001567 0.000000 0.003135 0.002326
5 0.001567 0.000000 0.003135 0.002326
5 0.001567 0.000000 0.003135 0.002326
5 0.001567 0.000000 0.003135 0.002326
5 0.001567 0.000000 0.003135 0.002326
5 0.001567 0.000000 0.003135 0.002326
5 0.001567 0.000000 0.003135 0.002326
0 0.004895 0.000010 0.009789 0.005817
0 0.004895 0.000010 0.009789 0.005817
0 0.004895 0.000010 0.009789 0.005817
0 0.004895 0.000010 0.009789 0.005817
0 0.004895 0.000010 0.009789 0.005817
0 0.004895 0.000010 0.009789 0.005817
0 0.004895 0.000010 0.009789 0.005817
0 0.004895 0.000010 0.009789 0.005817
0 0.004895 0.000010 0.009789 0.005817
0 0.004895 0.000010 0.009789 0.005817
0 0.004895 0.000010 0.009789 0.005817
0 0.004895 0.000010 0.009789 0.005817
0 0.004895 0.000010 0.009789 0.005817
0 0.004895 0.000010 0.009789 0.005817
0 0.004895 0.000010 0.009789 0.005817
0 0.004895 0.000010 0.009789 0.005817
0 0.004895 0.000010 0.009789 0.005817
0 0.004895 0.000010 0.009789 0.005817
0 0.004895 0.000010 0.009789 0.005817
0 0.004895 0.000010 0.009789 0.005817
0 0.004895 0.000010 0.009789 0.005817
0 0.004895 0.000010 0.009789 0.005817
0 0.004895 0.000010 0.009789 0.005817
0 0.004895 0.000010 0.009789 0.005817
0 0.004895 0.000010 0.009789 0.005817
0 0.004895 0.000010 0.009789 0.005817
0 0.004895 0.000010 0.009789 0.005817
0 0.004895 0.000010 0.009789 0.005817
0 0.004895 0.000010 0.009789 0.005817
0 0.004895 0.000010 0.009789 0.005817
0 0.004895 0.000010 0.009789 0.005817
0 0.004895 0.000010 0.009789 0.005817
0 0.004895 0.000010 0.009789 0.005817
0 0.004895 0.000010 0.009789 0.005817
0 0.004895 0.000010 0.009789 0.005817
0 0.004895 0.000010 0.009789 0.005817
0 0.004895 0.000010 0.009789 0.005817
0 0.004895 0.000010 0.009789 0.005817
0 0.004895 0.000010 0.009789 0.005817
0 0.004895 0.000010 0.009789 0.005817
0 0.004895 0.000010 0.009789 0.005817
0 0.004895 0.000010 0.009789 0.005817
0 0.004895 0.000010 0.009789 0.005817
0 0.004895 0.000010 0.009789 0.005817
0 0.004895 0.000010 0.009789 0.005817
0 0.004895 0.000010 0.009789 0.005817
0 0.004895 0.000010 0.009789 0.005817
0 0.004895 0.000010 0.009789 0.005817
0 0.004895 0.000010 0.009789 0.005817
0 0.004895 0.000010 0.009789 0.005817
0 0.004895 0.000010 0.009789 0.005817
0 0.004895 0.000010 0.009789 0.005817
0 0.004895 0.000010 0.009789 0.005817
0 0.004895 0.000010 0.009789 0.005817
0 0.004895 0.000010 0.009789 0.005817
0 0.004895 0.000010 0.009789 0.005817
0 0.004895 0.000010 0.009789 0.005817
0 0.004895 0.000010 0.009789 0.005817
0 0.004895 0.000010 0.009789 0.005817
0 0.004895 0.000010 0.009789 0.005817
0 0.004895 0.000010 0.009789 0.005817
0 0.004895 0.000010 0.009789 0.005817
0 0.004895 0.000010 0.009789 0.005817
0 0.004895 0.000010 0.009789 0.005817
0 0.004895 0.000010 0.009789 0.005817
0 0.004895 0.000010 0.009789 0.005817
0 0.004895 0.000010 0.009789 0.005817
0 0.004895 0.000010 0.009789 0.005817
0 0.004895 0.000010 0.009789 0.005817
0 0.004895 0.000010 0.009789 0.005817
0 0.004895 0.000010 0.009789 0.005817
0 0.004895 0.000010 0.009789 0.005817
0 0.004895 0.000010 0.009789 0.005817
0 0.004895 0.000010 0.009789 0.005817
0 0.004895 0.000010 0.009789 0.005817
0 0.004895 0.000010 0.009789 0.005817
0 0.004895 0.000010 0.009789 0.005817
0 0.004895 0.000010 0.009789 0.005817
0 0.004895 0.000010 0.009789 0.005817
0 0.004895 0.000010 0.009789 0.005817
0 0.004895 0.000010 0.009789 0.005817
0 0.004895 0.000010 0.009789 0.005817
0 0.004895 0.000010 0.009789 0.005817
0 0.004895 0.000010 0.009789 0.005817
0 0.004895 0.000010 0.009789 0.005817
0 0.004895 0.000010 0.009789 0.005817
0 0.004895 0.000010 0.009789 0.005817
0 0.004895 0.000010 0.009789 0.005817
0 0.004895 0.000010 0.009789 0.005817
0 0.004895 0.000010 0.009789 0.005817
0 0.004895 0.000010 0.009789 0.005817
0 0.004895 0.000010 0.009789 0.005817
0 0.004895 0.000010 0.009789 0.005817
0 0.004895 0.000010 0.009789 0.005817
0 0.004895 0.000010 0.009789 0.005817
0 0.004895 0.000010 0.009789 0.005817
0 0.004895 0.000010 0.009789 0.005817
0 0.004895 0.000010 0.009789 0.005817
0 0.004895 0.000010 0.009789 0.005817
0 0.004895 0.000010 0.009789 0.005817
0 0.004895 0.000010 0.009789 0.005817
0 0.004895 0.000010 0.009789 0.005817
0 0.004895 0.000010 0.009789 0.005817
0 0.004895 0.000010 0.009789 0.005817
0 0.004895 0.000010 0.009789 0.005817
0 0.004895 0.000010 0.009789 0.005817
0 0.004895 0.000010 0.009789 0.005817
0 0.004895 0.000010 0.009789 0.005817
0 0.004895 0.000010 0.009789 0.005817
0 0.004895 0.000010 0.009789 0.005817
0 0.004895 0.000010 0.009789 0.005817
0 0.004895 0.000010 0.009789 0.005817
0 0.004895 0.000010 0.009789 0.005817
0 0.004895 0.000010 0.009789 0.005817
0 0.004895 0.000010 0.009789 0.005817
0 0.004895 0.000010 0.009789 0.005817
0 0.004895 0.000010 0.009789 0.005817
0 0.004895 0.000010 0.009789 0.005817
0 0.004895 0.000010 0.009789 0.005817
0 0.004895 0.000010 0.009789 0.005817
0 0.004895 0.000010 0.009789 0.005817
0 0.004895 0.000010 0.009789 0.005817
0 0.004895 0.000010 0.009789 0.005817
0 0.004895 0.000010 0.009789 0.005817
0 0.004895 0.000010 0.009789 0.005817
0 0.004895 0.000010 0.009789 0.005817
0 0.004895 0.000010 0.009789 0.005817
0 0.004895 0.000010 0.009789 0.005817
0 0.004895 0.000010 0.009789 0.005817
0 0.004895 0.000010 0.009789 0.005817
0 0.004895 0.000010 0.009789 0.005817
0 0.004895 0.000010 0.009789 0.005817
0 0.004895 0.000010 0.009789 0.005817
0 0.004895 0.000010 0.009789 0.005817
0 0.004895 0.000010 0.009789 0.005817
0 0.004895 0.000010 0.009789 0.005817
0 0.004895 0.000010 0.009789 0.005817
0 0.004895 0.000010 0.009789 0.005817
0 0.004895 0.000010 0.009789 0.005817
0 0.004895 0.000010 0.009789 0.005817
0 0.004895 0.000010 0.009789 0.005817
0 0.004895 0.000010 0.009789 0.005817
0 0.004895 0.000010 0.009789 0.005817
0 0.004895 0.000010 0.009789 0.005817
0 0.004895 0.000010 0.009789 0.005817
0 0.004895 0.000010 0.009789 0.005817
0 0.004895 0.000010 0.009789 0.005817
0 0.004895 0.000010 0.009789 0.005817
0 0.004895 0.000010 0.009789 0.005817
0 0.004895 0.000010 0.009789 0.005817
0 0.004895 0.000010 0.009789 0.005817
0 0.004895 0.000010 0.009789 0.005817
0 0.004895 0.000010 0.009789 0.005817
0 0.004895 0.000010 0.009789 0.005817
0 0.004895 0.000010 0.009789 0.005817
0 0.004895 0.000010 0.009789 0.005817
0 0.004895 0.000010 0.009789 0.005817
0 0.004895 0.000010 0.009789 0.005817
0 0.004895 0.000010 0.009789 0.005817
0 0.004895 0.000010 0.009789 0.005817
0 0.004895 0.000010 0.009789 0.005817
0 0.004895 0.000010 0.009789 0.005817
0 0.004895 0.000010 0.009789 0.005817
0 0.004895 0.000010 0.009789 0.005817
0 0.004895 0.000010 0.009789 0.005817
0 0.004895 0.000010 0.009789 0.005817
0 0.004895 0.000010 0.009789 0.005817
0 0.004895 0.000010 0.009789 0.005817
0 0.004895 0.000010 0.009789 0.005817
0 0.004895 0.000010 0.009789 0.005817
0 0.004895 0.000010 0.009789 0.005817
0 0.004895 0.000010 0.009789 0.005817
0 0.004895 0.000010 0.009789 0.005817
0 0.004895 0.000010 0.009789 0.005817
0 0.004895 0.000010 0.009789 0.005817
0 0.004895 0.000010 0.009789 0.005817
0 0.004895 0.000010 0.009789 0.005817
0 0.004895 0.000010 0.009789 0.005817
0 0.004895 0.000010 0.009789 0.005817
0 0.004895 0.000010 0.009789 0.005817
0 0.004895 0.000010 0.009789 0.005817
0 0.004895 0.000010 0.009789 0.005817
0 0.004895 0.000010 0.009789 0.005817
0 0.004895 0.000010 0.009789 0.005817
0 0.004895 0.000010 0.009789 0.005817
0 0.004895 0.000010 0.009789 0.005817
0 0.004895 0.000010 0.009789 0.005817
0 0.004895 0.000010 0.009789 0.005817
0 0.004895 0.000010 0.009789 0.005817
0 0.004895 0.000010 0.009789 0.005817
0 0.004895 0.000010 0.009789 0.005817
0 0.004895 0.000010 0.009789 0.005817
0 0.004895 0.000010 0.009789 0.005817
0 0.004895 0.000010 0.009789 0.005817
0 0.004895 0.000010 0.009789 0.005817
0 0.004895 0.000010 0.009789 0.005817
0 0.004895 0.000010 0.009789 0.005817
0 0.004895 0.000010 0.009789 0.005817
0 0.004895 0.000010 0.009789 0.005817
0 0.004895 0.000010 0.009789 0.005817
0 0.004895 0.000010 0.009789 0.005817
0 0.004895 0.000010 0.009789 0.005817
0 0.004895 0.000010 0.009789 0.005817
0 0.004895 0.000010 0.009789 0.005817
0 0.004895 0.000010 0.009789 0.005817
0 0.004895 0.000010 0.009789 0.005817
0 0.004895 0.000010 0.009789 0.005817
0 0.004895 0.000010 0.009789 0.005817
0 0.004895 0.000010 0.009789 0.005817
0 0.004895 0.000010 0.009789 0.005817
0 0.004895 0.000010 0.009789 0.005817
0 0.004895 0.000010 0.009789 0.005817
0 0.004895 0.000010 0.009789 0.005817
0 0.004895 0.000010 0.009789 0.005817
0 0.004895 0.000010 0.009789 0.005817
0 0.004895 0.000010 0.009789 0.005817
0 0.004895 0.000010 0.009789 0.005817
0 0.004895 0.000010 0.009789 0.005817
0 0.004895 0.000010 0.009789 0.005817
0 0.004895 0.000010 0.009789 0.005817
0 0.004895 0.000010 0.009789 0.005817
0 0.004895 0.000010 0.009789 0.005817
0 0.004895 0.000010 0.009789 0.005817
0 0.004895 0.000010 0.009789 0.005817
0 0.004895 0.000010 0.009789 0.005817
0 0.004895 0.000010 0.009789 0.005817
0 0.004895 0.000010 0.009789 0.005817
0 0.004895 0.000010 0.009789 0.005817
0 0.004895 0.000010 0.009789 0.005817
0 0.004895 0.000010 0.009789 0.005817
0 0.004895 0.000010 0.009789 0.005817
0 0.004895 0.000010 0.009789 0.005817
0 0.004895 0.000010 0.009789 0.005817
0 0.004895 0.000010 0.009789 0.005817
0 0.004895 0.000010 0.009789 0.005817
0 0.004895 0.000010 0.009789 0.005817
0 0.004895 0.000010 0.009789 0.005817
0 0.004895 0.000010 0.009789 0.005817
0 0.004895 0.000010 0.009789 0.005817
0 0.004895 0.000010 0.009789 0.005817
0 0.004895 0.000010 0.009789 0.005817
0 0.004895 0.000010 0.009789 0.005817
0 0.004895 0.000010 0.009789 0.005817
0 0.004895 0.000010 0.009789 0.005817
0 0.004895 0.000010 0.009789 0.005817
0 0.004895 0.000010 0.009789 0.005817
0 0.004895 0.000010 0.009789 0.005817
0 0.004895 0.000010 0.009789 0.005817
0 0.004895 0.000010 0.009789 0.005817
0 0.004895 0.000010 0.009789 0.005817
0 0.004895 0.000010 0.009789 0.005817
0 0.004895 0.000010 0.009789 0.005817
0 0.004895 0.000010 0.009789 0.005817
0 0.004895 0.000010 0.009789 0.005817
0 0.004895 0.000010 0.009789 0.005817
0 0.004895 0.000010 0.009789 0.005817
0 0.004895 0.000010 0.009789 0.005817
0 0.004895 0.000010 0.009789 0.005817
0 0.004895 0.000010 0.009789 0.005817
0 0.004895 0.000010 0.009789 0.005817
0 0.004895 0.000010 0.009789 0.005817
3 0.006144 0.000022 0.011385 0.010842
3 0.006144 0.000022 0.011385 0.010842
6 0.004158 0.000559 0.008316 0.010077