4 0.067085 0.385013 0.012119 0.006344
4 0.063918 0.256317 0.005925 0.006311
4 0.067375 0.790722 0.012745 0.006311
4 0.067163 0.518614 0.012274 0.006346
4 0.067808 0.657120 0.013809 0.006311
0 0.004895 0.000010 0.009789 0.005817
0 0.004895 0.000010 0.009789 0.005817
0 0.004895 0.000010 0.009789 0.005817
0 0.004895 0.000010 0.009789 0.005817
0 0.004895 0.000010 0.009789 0.005817
0 0.004895 0.000010 0.009789 0.005817
0 0.004895 0.000010 0.009789 0.005817
0 0.004895 0.000010 0.009789 0.005817
0 0.004895 0.000010 0.009789 0.005817
0 0.004895 0.000010 0.009789 0.005817
0 0.004895 0.000010 0.009789 0.005817
0 0.004895 0.000010 0.009789 0.005817
0 0.004895 0.000010 0.009789 0.005817
0 0.004895 0.000010 0.009789 0.005817
0 0.004895 0.000010 0.009789 0.005817
0 0.004895 0.000010 0.009789 0.005817
0 0.004895 0.000010 0.009789 0.005817
0 0.004895 0.000010 0.009789 0.005817
0 0.004895 0.000010 0.009789 0.005817
0 0.004895 0.000010 0.009789 0.005817
0 0.004895 0.000010 0.009789 0.005817
0 0.004895 0.000010 0.009789 0.005817
0 0.004895 0.000010 0.009789 0.005817
0 0.004895 0.000010 0.009789 0.005817
0 0.004895 0.000010 0.009789 0.005817
0 0.004895 0.000010 0.009789 0.005817
0 0.004895 0.000010 0.009789 0.005817
0 0.004895 0.000010 0.009789 0.005817
0 0.004895 0.000010 0.009789 0.005817
0 0.004895 0.000010 0.009789 0.005817
0 0.004895 0.000010 0.009789 0.005817
0 0.004895 0.000010 0.009789 0.005817
0 0.004895 0.000010 0.009789 0.005817
0 0.004895 0.000010 0.009789 0.005817
0 0.004895 0.000010 0.009789 0.005817
0 0.004895 0.000010 0.009789 0.005817
0 0.004895 0.000010 0.009789 0.005817
0 0.004895 0.000010 0.009789 0.005817
0 0.004895 0.000010 0.009789 0.005817
0 0.004895 0.000010 0.009789 0.005817
0 0.004895 0.000010 0.009789 0.005817
0 0.004895 0.000010 0.009789 0.005817
0 0.004895 0.000010 0.009789 0.005817
0 0.004895 0.000010 0.009789 0.005817
0 0.004895 0.000010 0.009789 0.005817
0 0.004895 0.000010 0.009789 0.005817
0 0.004895 0.000010 0.009789 0.005817
0 0.004895 0.000010 0.009789 0.005817
0 0.004895 0.000010 0.009789 0.005817
0 0.004895 0.000010 0.009789 0.005817
0 0.004895 0.000010 0.009789 0.005817
0 0.004895 0.000010 0.009789 0.005817
0 0.004895 0.000010 0.009789 0.005817
0 0.004895 0.000010 0.009789 0.005817
0 0.004895 0.000010 0.009789 0.005817
0 0.004895 0.000010 0.009789 0.005817
0 0.004895 0.000010 0.009789 0.005817
0 0.004895 0.000010 0.009789 0.005817
0 0.004895 0.000010 0.009789 0.005817
0 0.004895 0.000010 0.009789 0.005817
0 0.004895 0.000010 0.009789 0.005817
0 0.004895 0.000010 0.009789 0.005817
0 0.004895 0.000010 0.009789 0.005817
0 0.004895 0.000010 0.009789 0.005817
0 0.004895 0.000010 0.009789 0.005817
0 0.004895 0.000010 0.009789 0.005817
0 0.004895 0.000010 0.009789 0.005817
0 0.004895 0.000010 0.009789 0.005817
0 0.004895 0.000010 0.009789 0.005817
0 0.004895 0.000010 0.009789 0.005817
0 0.004895 0.000010 0.009789 0.005817
0 0.004895 0.000010 0.009789 0.005817
0 0.004895 0.000010 0.009789 0.005817
0 0.004895 0.000010 0.009789 0.005817
0 0.004895 0.000010 0.009789 0.005817
0 0.004895 0.000010 0.009789 0.005817
0 0.004895 0.000010 0.009789 0.005817
0 0.004895 0.000010 0.009789 0.005817
0 0.004895 0.000010 0.009789 0.005817
0 0.004895 0.000010 0.009789 0.005817
0 0.004895 0.000010 0.009789 0.005817
0 0.004895 0.000010 0.009789 0.005817
0 0.004895 0.000010 0.009789 0.005817
0 0.004895 0.000010 0.009789 0.005817
0 0.004895 0.000010 0.009789 0.005817
0 0.004895 0.000010 0.009789 0.005817
0 0.004895 0.000010 0.009789 0.005817
0 0.004895 0.000010 0.009789 0.005817
0 0.004895 0.000010 0.009789 0.005817
0 0.004895 0.000010 0.009789 0.005817
0 0.004895 0.000010 0.009789 0.005817
0 0.004895 0.000010 0.009789 0.005817
0 0.004895 0.000010 0.009789 0.005817
0 0.004895 0.000010 0.009789 0.005817
0 0.004895 0.000010 0.009789 0.005817
0 0.004895 0.000010 0.009789 0.005817
0 0.004895 0.000010 0.009789 0.005817
0 0.004895 0.000010 0.009789 0.005817
0 0.004895 0.000010 0.009789 0.005817
0 0.004895 0.000010 0.009789 0.005817
0 0.004895 0.000010 0.009789 0.005817
0 0.004895 0.000010 0.009789 0.005817
0 0.004895 0.000010 0.009789 0.005817
0 0.004895 0.000010 0.009789 0.005817
0 0.004895 0.000010 0.009789 0.005817
0 0.004895 0.000010 0.009789 0.005817
0 0.004895 0.000010 0.009789 0.005817
0 0.004895 0.000010 0.009789 0.005817
0 0.004895 0.000010 0.009789 0.005817
0 0.004895 0.000010 0.009789 0.005817
0 0.004895 0.000010 0.009789 0.005817
0 0.004895 0.000010 0.009789 0.005817
0 0.004895 0.000010 0.009789 0.005817
0 0.004895 0.000010 0.009789 0.005817
0 0.004895 0.000010 0.009789 0.005817
0 0.004895 0.000010 0.009789 0.005817
0 0.004895 0.000010 0.009789 0.005817
0 0.004895 0.000010 0.009789 0.005817
0 0.004895 0.000010 0.009789 0.005817
0 0.004895 0.000010 0.009789 0.005817
0 0.004895 0.000010 0.009789 0.005817
0 0.004895 0.000010 0.009789 0.005817
0 0.004895 0.000010 0.009789 0.005817
0 0.004895 0.000010 0.009789 0.005817
0 0.004895 0.000010 0.009789 0.005817
0 0.004895 0.000010 0.009789 0.005817
0 0.004895 0.000010 0.009789 0.005817
0 0.004895 0.000010 0.009789 0.005817
0 0.004895 0.000010 0.009789 0.005817
0 0.004895 0.000010 0.009789 0.005817
0 0.004895 0.000010 0.009789 0.005817
0 0.004895 0.000010 0.009789 0.005817
0 0.004895 0.000010 0.009789 0.005817
0 0.004895 0.000010 0.009789 0.005817
0 0.004895 0.000010 0.009789 0.005817
0 0.004895 0.000010 0.009789 0.005817
0 0.004895 0.000010 0.009789 0.005817
0 0.004895 0.000010 0.009789 0.005817
0 0.004895 0.000010 0.009789 0.005817
0 0.004895 0.000010 0.009789 0.005817
0 0.004895 0.000010 0.009789 0.005817
0 0.004895 0.000010 0.009789 0.005817
0 0.004895 0.000010 0.009789 0.005817
0 0.004895 0.000010 0.009789 0.005817
0 0.004895 0.000010 0.009789 0.005817
0 0.004895 0.000010 0.009789 0.005817
0 0.004895 0.000010 0.009789 0.005817
0 0.004895 0.000010 0.009789 0.005817
0 0.004895 0.000010 0.009789 0.005817
0 0.004895 0.000010 0.009789 0.005817
0 0.004895 0.000010 0.009789 0.005817
0 0.004895 0.000010 0.009789 0.005817
0 0.004895 0.000010 0.009789 0.005817
0 0.004895 0.000010 0.009789 0.005817
0 0.004895 0.000010 0.009789 0.005817
0 0.004895 0.000010 0.009789 0.005817
0 0.004895 0.000010 0.009789 0.005817
0 0.004895 0.000010 0.009789 0.005817
0 0.004895 0.000010 0.009789 0.005817
0 0.004895 0.000010 0.009789 0.005817
0 0.004895 0.000010 0.009789 0.005817
0 0.004895 0.000010 0.009789 0.005817
0 0.004895 0.000010 0.009789 0.005817
0 0.004895 0.000010 0.009789 0.005817
0 0.004895 0.000010 0.009789 0.005817
0 0.004895 0.000010 0.009789 0.005817
0 0.004895 0.000010 0.009789 0.005817
0 0.004895 0.000010 0.009789 0.005817
0 0.004895 0.000010 0.009789 0.005817
0 0.004895 0.000010 0.009789 0.005817
0 0.004895 0.000010 0.009789 0.005817
0 0.004895 0.000010 0.009789 0.005817
0 0.004895 0.000010 0.009789 0.005817
0 0.004895 0.000010 0.009789 0.005817
0 0.004895 0.000010 0.009789 0.005817
0 0.004895 0.000010 0.009789 0.005817
0 0.004895 0.000010 0.009789 0.005817
0 0.004895 0.000010 0.009789 0.005817
0 0.004895 0.000010 0.009789 0.005817
0 0.004895 0.000010 0.009789 0.005817
0 0.004895 0.000010 0.009789 0.005817
0 0.004895 0.000010 0.009789 0.005817
0 0.004895 0.000010 0.009789 0.005817
0 0.004895 0.000010 0.009789 0.005817
0 0.004895 0.000010 0.009789 0.005817
0 0.004895 0.000010 0.009789 0.005817
0 0.004895 0.000010 0.009789 0.005817
0 0.004895 0.000010 0.009789 0.005817
0 0.004895 0.000010 0.009789 0.005817
0 0.004895 0.000010 0.009789 0.005817
0 0.004895 0.000010 0.009789 0.005817
0 0.004895 0.000010 0.009789 0.005817
0 0.004895 0.000010 0.009789 0.005817
0 0.004895 0.000010 0.009789 0.005817
0 0.004895 0.000010 0.009789 0.005817
0 0.004895 0.000010 0.009789 0.005817
0 0.004895 0.000010 0.009789 0.005817
0 0.004895 0.000010 0.009789 0.005817
0 0.004895 0.000010 0.009789 0.005817
0 0.004895 0.000010 0.009789 0.005817
0 0.004895 0.000010 0.009789 0.005817
0 0.004895 0.000010 0.009789 0.005817
0 0.004895 0.000010 0.009789 0.005817
0 0.004895 0.000010 0.009789 0.005817
0 0.004895 0.000010 0.009789 0.005817
0 0.004895 0.000010 0.009789 0.005817
0 0.004895 0.000010 0.009789 0.005817
0 0.004895 0.000010 0.009789 0.005817
0 0.004895 0.000010 0.009789 0.005817
0 0.004895 0.000010 0.009789 0.005817
0 0.004895 0.000010 0.009789 0.005817
0 0.004895 0.000010 0.009789 0.005817
0 0.004895 0.000010 0.009789 0.005817
0 0.004895 0.000010 0.009789 0.005817
0 0.004895 0.000010 0.009789 0.005817
0 0.004895 0.000010 0.009789 0.005817
0 0.004895 0.000010 0.009789 0.005817
0 0.004895 0.000010 0.009789 0.005817
0 0.004895 0.000010 0.009789 0.005817
0 0.004895 0.000010 0.009789 0.005817
0 0.004895 0.000010 0.009789 0.005817
0 0.004895 0.000010 0.009789 0.005817
0 0.004895 0.000010 0.009789 0.005817
0 0.004895 0.000010 0.009789 0.005817
0 0.004895 0.000010 0.009789 0.005817
0 0.004895 0.000010 0.009789 0.005817
0 0.004895 0.000010 0.009789 0.005817
0 0.004895 0.000010 0.009789 0.005817
0 0.004895 0.000010 0.009789 0.005817
0 0.004895 0.000010 0.009789 0.005817
0 0.004895 0.000010 0.009789 0.005817
0 0.004895 0.000010 0.009789 0.005817
0 0.004895 0.000010 0.009789 0.005817
0 0.004895 0.000010 0.009789 0.005817
0 0.004895 0.000010 0.009789 0.005817
0 0.004895 0.000010 0.009789 0.005817
0 0.004895 0.000010 0.009789 0.005817
0 0.004895 0.000010 0.009789 0.005817
0 0.004895 0.000010 0.009789 0.005817
0 0.004895 0.000010 0.009789 0.005817
0 0.004895 0.000010 0.009789 0.005817
0 0.004895 0.000010 0.009789 0.005817
0 0.004895 0.000010 0.009789 0.005817
0 0.004895 0.000010 0.009789 0.005817
0 0.004895 0.000010 0.009789 0.005817
0 0.004895 0.000010 0.009789 0.005817
0 0.004895 0.000010 0.009789 0.005817
0 0.004895 0.000010 0.009789 0.005817
0 0.004895 0.000010 0.009789 0.005817
0 0.004895 0.000010 0.009789 0.005817
0 0.004895 0.000010 0.009789 0.005817
0 0.004895 0.000010 0.009789 0.005817
0 0.004895 0.000010 0.009789 0.005817
0 0.004895 0.000010 0.009789 0.005817
0 0.004895 0.000010 0.009789 0.005817
0 0.004895 0.000010 0.009789 0.005817
0 0.004895 0.000010 0.009789 0.005817
0 0.004895 0.000010 0.009789 0.005817
0 0.004895 0.000010 0.009789 0.005817
0 0.004895 0.000010 0.009789 0.005817
0 0.004895 0.000010 0.009789 0.005817
0 0.004895 0.000010 0.009789 0.005817
0 0.004895 0.000010 0.009789 0.005817
0 0.004895 0.000010 0.009789 0.005817
0 0.004895 0.000010 0.009789 0.005817
0 0.004895 0.000010 0.009789 0.005817
0 0.004895 0.000010 0.009789 0.005817
0 0.004895 0.000010 0.009789 0.005817
0 0.004895 0.000010 0.009789 0.005817
0 0.004895 0.000010 0.009789 0.005817
0 0.004895 0.000010 0.009789 0.005817
0 0.004895 0.000010 0.009789 0.005817
0 0.004895 0.000010 0.009789 0.005817
0 0.004895 0.000010 0.009789 0.005817
0 0.004895 0.000010 0.009789 0.005817
0 0.004895 0.000010 0.009789 0.005817
0 0.004895 0.000010 0.009789 0.005817
0 0.004895 0.000010 0.009789 0.005817
0 0.004895 0.000010 0.009789 0.005817
0 0.004895 0.000010 0.009789 0.005817
0 0.004895 0.000010 0.009789 0.005817
0 0.004895 0.000010 0.009789 0.005817
0 0.004895 0.000010 0.009789 0.005817
0 0.004895 0.000010 0.009789 0.005817
0 0.004895 0.000010 0.009789 0.005817
0 0.004895 0.000010 0.009789 0.005817
0 0.004895 0.000010 0.009789 0.005817
0 0.004895 0.000010 0.009789 0.005817
0 0.004895 0.000010 0.009789 0.005817
0 0.004895 0.000010 0.009789 0.005817
0 0.004895 0.000010 0.009789 0.005817
0 0.004895 0.000010 0.009789 0.005817
0 0.004895 0.000010 0.009789 0.005817
0 0.004895 0.000010 0.009789 0.005817
0 0.004895 0.000010 0.009789 0.005817
0 0.004895 0.000010 0.009789 0.005817
0 0.004895 0.000010 0.009789 0.005817
0 0.004895 0.000010 0.009789 0.005817
0 0.004895 0.000010 0.009789 0.005817
0 0.004895 0.000010 0.009789 0.005817
0 0.004895 0.000010 0.009789 0.005817
0 0.004895 0.000010 0.009789 0.005817
0 0.004895 0.000010 0.009789 0.005817
0 0.004895 0.000010 0.009789 0.005817
0 0.004895 0.000010 0.009789 0.005817
0 0.004895 0.000010 0.009789 0.005817
0 0.004895 0.000010 0.009789 0.005817
0 0.004895 0.000010 0.009789 0.005817
0 0.004895 0.000010 0.009789 0.005817
0 0.004895 0.000010 0.009789 0.005817
6 0.004158 0.000559 0.008316 0.010077
6 0.005196 0.003325 0.010335 0.015610
6 0.004158 0.000559 0.008316 0.010077
6 0.005196 0.003325 0.010335 0.015610
6 0.004158 0.000559 0.008316 0.010077
6 0.004158 0.000559 0.008316 0.010077
6 0.004158 0.000559 0.008316 0.010077
6 0.004158 0.000559 0.008316 0.010077
6 0.004158 0.000559 0.008316 0.010077
6 0.004158 0.000559 0.008316 0.010077
6 0.004158 0.000559 0.008316 0.010077
6 0.004158 0.000559 0.008316 0.010077
6 0.004158 0.000559 0.008316 0.010077
6 0.004158 0.000559 0.008316 0.010077
6 0.004158 0.000559 0.008316 0.010077