4 0.247896 0.061470 0.012792 0.006311
4 0.070604 0.301954 0.019155 0.006344
4 0.070399 0.533141 0.018746 0.006344
0 0.004895 0.000010 0.009789 0.005817
0 0.004895 0.000010 0.009789 0.005817
0 0.004895 0.000010 0.009789 0.005817
0 0.004895 0.000010 0.009789 0.005817
0 0.004895 0.000010 0.009789 0.005817
0 0.004895 0.000010 0.009789 0.005817
0 0.004895 0.000010 0.009789 0.005817
0 0.004895 0.000010 0.009789 0.005817
0 0.004895 0.000010 0.009789 0.005817
0 0.004895 0.000010 0.009789 0.005817
0 0.004895 0.000010 0.009789 0.005817
0 0.004895 0.000010 0.009789 0.005817
0 0.004895 0.000010 0.009789 0.005817
0 0.004895 0.000010 0.009789 0.005817
0 0.004895 0.000010 0.009789 0.005817
0 0.004895 0.000010 0.009789 0.005817
0 0.004895 0.000010 0.009789 0.005817
0 0.004895 0.000010 0.009789 0.005817
0 0.004895 0.000010 0.009789 0.005817
0 0.004895 0.000010 0.009789 0.005817
0 0.004895 0.000010 0.009789 0.005817
0 0.004895 0.000010 0.009789 0.005817
0 0.004895 0.000010 0.009789 0.005817
0 0.004895 0.000010 0.009789 0.005817
0 0.004895 0.000010 0.009789 0.005817
0 0.004895 0.000010 0.009789 0.005817
0 0.004895 0.000010 0.009789 0.005817
0 0.004895 0.000010 0.009789 0.005817
0 0.004895 0.000010 0.009789 0.005817
0 0.004895 0.000010 0.009789 0.005817
0 0.004895 0.000010 0.009789 0.005817
0 0.004895 0.000010 0.009789 0.005817
0 0.004895 0.000010 0.009789 0.005817
0 0.004895 0.000010 0.009789 0.005817
0 0.004895 0.000010 0.009789 0.005817
0 0.004895 0.000010 0.009789 0.005817
0 0.004895 0.000010 0.009789 0.005817
0 0.004895 0.000010 0.009789 0.005817
0 0.004895 0.000010 0.009789 0.005817
0 0.004895 0.000010 0.009789 0.005817
0 0.004895 0.000010 0.009789 0.005817
0 0.004895 0.000010 0.009789 0.005817
0 0.004895 0.000010 0.009789 0.005817
0 0.004895 0.000010 0.009789 0.005817
0 0.004895 0.000010 0.009789 0.005817
0 0.004895 0.000010 0.009789 0.005817
0 0.004895 0.000010 0.009789 0.005817
0 0.004895 0.000010 0.009789 0.005817
0 0.004895 0.000010 0.009789 0.005817
0 0.004895 0.000010 0.009789 0.005817
0 0.004895 0.000010 0.009789 0.005817
0 0.004895 0.000010 0.009789 0.005817
0 0.004895 0.000010 0.009789 0.005817
0 0.004895 0.000010 0.009789 0.005817
0 0.004895 0.000010 0.009789 0.005817
0 0.004895 0.000010 0.009789 0.005817
0 0.004895 0.000010 0.009789 0.005817
0 0.004895 0.000010 0.009789 0.005817
0 0.004895 0.000010 0.009789 0.005817
0 0.004895 0.000010 0.009789 0.005817
0 0.004895 0.000010 0.009789 0.005817
0 0.004895 0.000010 0.009789 0.005817
0 0.004895 0.000010 0.009789 0.005817
0 0.004895 0.000010 0.009789 0.005817
0 0.004895 0.000010 0.009789 0.005817
0 0.004895 0.000010 0.009789 0.005817
0 0.004895 0.000010 0.009789 0.005817
0 0.004895 0.000010 0.009789 0.005817
0 0.004895 0.000010 0.009789 0.005817
0 0.004895 0.000010 0.009789 0.005817
0 0.004895 0.000010 0.009789 0.005817
0 0.004895 0.000010 0.009789 0.005817
0 0.004895 0.000010 0.009789 0.005817
0 0.004895 0.000010 0.009789 0.005817
0 0.004895 0.000010 0.009789 0.005817
0 0.004895 0.000010 0.009789 0.005817
0 0.004895 0.000010 0.009789 0.005817
0 0.004895 0.000010 0.009789 0.005817
0 0.004895 0.000010 0.009789 0.005817
0 0.004895 0.000010 0.009789 0.005817
0 0.004895 0.000010 0.009789 0.005817
0 0.004895 0.000010 0.009789 0.005817
0 0.004895 0.000010 0.009789 0.005817
0 0.004895 0.000010 0.009789 0.005817
0 0.004895 0.000010 0.009789 0.005817
0 0.004895 0.000010 0.009789 0.005817
0 0.004895 0.000010 0.009789 0.005817
0 0.004895 0.000010 0.009789 0.005817
0 0.004895 0.000010 0.009789 0.005817
0 0.004895 0.000010 0.009789 0.005817
0 0.004895 0.000010 0.009789 0.005817
0 0.004895 0.000010 0.009789 0.005817
0 0.004895 0.000010 0.009789 0.005817
0 0.004895 0.000010 0.009789 0.005817
0 0.004895 0.000010 0.009789 0.005817
0 0.004895 0.000010 0.009789 0.005817
0 0.004895 0.000010 0.009789 0.005817
0 0.004895 0.000010 0.009789 0.005817
0 0.004895 0.000010 0.009789 0.005817
0 0.004895 0.000010 0.009789 0.005817
0 0.004895 0.000010 0.009789 0.005817
0 0.004895 0.000010 0.009789 0.005817
0 0.004895 0.000010 0.009789 0.005817
0 0.004895 0.000010 0.009789 0.005817
0 0.004895 0.000010 0.009789 0.005817
0 0.004895 0.000010 0.009789 0.005817
0 0.004895 0.000010 0.009789 0.005817
0 0.004895 0.000010 0.009789 0.005817
0 0.004895 0.000010 0.009789 0.005817
0 0.004895 0.000010 0.009789 0.005817
0 0.004895 0.000010 0.009789 0.005817
0 0.004895 0.000010 0.009789 0.005817
0 0.004895 0.000010 0.009789 0.005817
0 0.004895 0.000010 0.009789 0.005817
0 0.004895 0.000010 0.009789 0.005817
0 0.004895 0.000010 0.009789 0.005817
0 0.004895 0.000010 0.009789 0.005817
0 0.004895 0.000010 0.009789 0.005817
0 0.004895 0.000010 0.009789 0.005817
0 0.004895 0.000010 0.009789 0.005817
0 0.004895 0.000010 0.009789 0.005817
0 0.004895 0.000010 0.009789 0.005817
0 0.004895 0.000010 0.009789 0.005817
0 0.004895 0.000010 0.009789 0.005817
0 0.004895 0.000010 0.009789 0.005817
0 0.004895 0.000010 0.009789 0.005817
0 0.004895 0.000010 0.009789 0.005817
0 0.004895 0.000010 0.009789 0.005817
0 0.004895 0.000010 0.009789 0.005817
0 0.004895 0.000010 0.009789 0.005817
0 0.004895 0.000010 0.009789 0.005817
0 0.004895 0.000010 0.009789 0.005817
0 0.004895 0.000010 0.009789 0.005817
0 0.004895 0.000010 0.009789 0.005817
0 0.004895 0.000010 0.009789 0.005817
0 0.004895 0.000010 0.009789 0.005817
0 0.004895 0.000010 0.009789 0.005817
0 0.004895 0.000010 0.009789 0.005817
0 0.004895 0.000010 0.009789 0.005817
0 0.004895 0.000010 0.009789 0.005817
0 0.004895 0.000010 0.009789 0.005817
0 0.004895 0.000010 0.009789 0.005817
0 0.004895 0.000010 0.009789 0.005817
0 0.004895 0.000010 0.009789 0.005817
0 0.004895 0.000010 0.009789 0.005817
0 0.004895 0.000010 0.009789 0.005817
0 0.004895 0.000010 0.009789 0.005817
0 0.004895 0.000010 0.009789 0.005817
0 0.004895 0.000010 0.009789 0.005817
0 0.004895 0.000010 0.009789 0.005817
0 0.004895 0.000010 0.009789 0.005817
0 0.004895 0.000010 0.009789 0.005817
0 0.004895 0.000010 0.009789 0.005817
0 0.004895 0.000010 0.009789 0.005817
0 0.004895 0.000010 0.009789 0.005817
0 0.004895 0.000010 0.009789 0.005817
0 0.004895 0.000010 0.009789 0.005817
0 0.004895 0.000010 0.009789 0.005817
0 0.004895 0.000010 0.009789 0.005817
0 0.004895 0.000010 0.009789 0.005817
0 0.004895 0.000010 0.009789 0.005817
0 0.004895 0.000010 0.009789 0.005817
0 0.004895 0.000010 0.009789 0.005817
0 0.004895 0.000010 0.009789 0.005817
0 0.004895 0.000010 0.009789 0.005817
0 0.004895 0.000010 0.009789 0.005817
0 0.004895 0.000010 0.009789 0.005817
0 0.004895 0.000010 0.009789 0.005817
0 0.004895 0.000010 0.009789 0.005817
0 0.004895 0.000010 0.009789 0.005817
0 0.004895 0.000010 0.009789 0.005817
0 0.004895 0.000010 0.009789 0.005817
0 0.004895 0.000010 0.009789 0.005817
0 0.004895 0.000010 0.009789 0.005817
0 0.004895 0.000010 0.009789 0.005817
6 0.005196 0.003325 0.010335 0.015610
6 0.004158 0.000559 0.008316 0.010077
6 0.004158 0.000559 0.008316 0.010077